1

1000
47
32
44
25
47
78
70
26
96
98
38
13
41
88
13
60
52
8
35
11
76
32
84
68
99
4
58
33
62
12
73
84
79
43
83
80
70
40
6
81
48
71
94
93
64
41
91
91
63
81
52
39
15
97
33
47
48
83
56
34
25
95
81
83
23
89
32
67
77
75
42
56
93
58
54
0
87
10
82
72
40
49
65
36
27
48
44
39
34
27
5
8
79
28
52
21
56
95
32
73
18
35
9
23
16
81
69
21
32
3
40
12
59
66
33
35
79
49
37
71
54
38
69
6
95
2
34
17
70
97
13
33
31
23
14
1
24
46
66
97
75
85
71
38
30
88
26
7
93
7
66
24
14
35
46
84
79
64
95
11
12
97
90
26
80
22
53
10
81
21
48
17
78
5
24
67
44
40
64
18
35
37
32
68
69
64
8
16
92
4
83
84
72
13
92
23
100
71
28
5
89
83
85
70
87
72
25
41
58
37
5
39
56
3
84
29
26
81
94
84
19
95
44
88
75
35
97
10
78
50
62
67
13
98
85
78
51
28
32
7
74
27
13
1
18
32
8
79
88
67
41
93
84
41
28
96
90
79
44
12
33
22
40
48
38
92
76
15
77
47
53
84
40
28
74
30
44
83
84
64
56
58
88
4
15
53
67
91
42
95
4
0
7
30
27
42
38
100
8
93
31
83
7
79
69
23
56
41
44
39
76
71
87
50
55
64
40
74
80
87
63
50
70
57
16
21
33
79
78
42
49
32
58
45
42
53
23
66
17
56
55
36
44
58
37
17
53
77
52
39
56
97
22
9
14
18
1
9
34
74
85
84
60
64
78
89
25
17
25
23
54
32
92
24
80
47
100
87
85
35
33
23
38
56
24
94
38
73
6
35
79
18
44
48
73
33
98
35
83
23
12
69
76
72
41
53
12
75
92
19
43
47
31
47
52
28
11
1
73
18
69
89
57
32
20
74
12
98
51
26
15
70
93
44
50
73
67
32
60
33
45
94
53
70
100
73
64
21
77
31
1
34
88
68
58
93
37
50
10
14
21
2
29
0
61
4
66
81
70
57
72
37
77
2
96
99
1
76
21
75
57
50
53
34
25
44
91
14
65
51
82
4
55
42
44
21
52
55
10
59
19
89
30
75
82
1
69
66
90
7
74
92
96
69
35
0
56
99
1
40
36
7
4
87
76
85
52
84
4
50
0
45
45
70
70
33
41
79
80
22
17
43
14
37
38
94
100
25
81
24
56
89
61
93
40
67
3
92
72
35
3
91
3
6
80
63
59
95
89
97
83
77
73
16
86
71
9
84
0
74
37
81
47
33
95
7
9
30
29
17
75
2
21
11
42
54
79
48
44
80
95
30
53
76
62
100
27
23
26
65
26
85
69
37
22
45
75
83
38
70
98
1
5
97
25
20
89
51
31
2
78
54
62
89
57
45
30
64
57
79
73
34
44
9
81
20
51
95
94
5
49
99
22
47
73
43
87
13
11
26
11
98
12
47
81
58
94
35
39
39
20
17
27
85
74
4
94
13
82
5
47
83
68
91
1
20
91
63
83
43
38
91
96
52
32
93
3
48
9
98
70
15
56
87
2
72
62
26
2
71
43
31
22
67
65
67
20
99
30
51
7
41
25
16
96
23
23
33
93
39
70
64
9
13
82
2
42
6
76
2
55
11
43
19
50
98
68
2
78
28
47
99
73
13
86
11
9
41
31
79
86
78
20
45
85
56
9
87
51
88
0
37
43
14
92
46
94
76
82
82
55
60
84
99
61
21
10
68
53
4
53
64
61
70
58
17
54
64
77
82
52
11
83
92
52
46
69
47
1
87
24
80
88
54
36
65
58
80
97
17
65
80
37
63
68
74
92
13
29
84
77
14
92
2
79
15
50
11
21
63
14
40
90
89
74
52
19
63
53
8
24
87
71
20
38
63
41
29
22
67
4
17
90
70
64
55
43
96
91
28
88
37
54
90
27
1
65
75
90
92
65
74
21
8
57
30
98
98
44
88
42
86
2
4
16
88
50
47
34
9
61
32
93
83
31
51
30
1
1
35
93
88
54
100
59
87
89
83
13
56
32
20
67
39
86
78
64
91
89
70
28
47
29
91
25
22
4
41
84
95
13
91
99
83
58
63
6
25
41
90
78
48
36
91
20
68
69
2
4
81
77
70
87
66
97
44
99
14
37
92
17
59
94
61
73
69
0
12
32
35
46
30
56
91
33
27
3
43
5
84
20
44
58
23
55
48
38
40
90
57

