1 -> SI
2 -> NO
3 -> NO
4 -> SI
5 -> NO
6 -> NO
7 -> NO
8 -> NO
9 -> SI
10 -> NO
11 -> NO
12 -> NO
13 -> NO
14 -> NO
15 -> NO
16 -> SI
17 -> NO
18 -> NO
19 -> NO
20 -> NO 
21 -> NO
22 -> NO
23 -> NO
24 -> NO
25 -> SI
26 -> NO

4)

1 2 3 4
--------
1 1 1 1
--------
1 0 1 0
--------
1 0 0 0
--------
1 0 0 1


5)

1 2 3 4 5
---------
1 1 1 1 1
---------
1 0 1 0 1
---------
1 0 0 0 1
---------
1 0 0 1 1
---------
1 0 0 0 0

6)
1 2 3 4 5 6
------------
1 1 1 1 1 1
------------
1 0 1 0 1 0
------------
1 0 0 0 1 1
------------
1 0 0 1 1 1
------------
1 0 0 1 0 1
------------
1 0 0 1 0 0

7)
1 2 3 4 5 6 7
-------------
1 1 1 1 1 1 1
-------------
1 0 1 0 1 0 1
-------------
1 0 0 0 1 1 1
-------------
1 0 0 1 1 1 1
-------------
1 0 0 1 0 1 1
-------------
1 0 0 1 0 0 1
-------------
1 0 0 1 0 0 0

8)

1 2 3 4 5 6 7 8
---------------
1 1 1 1 1 1 1 1
---------------
1 0 1 0 1 0 1 0
---------------
1 0 0 0 1 1 1 0
---------------
1 0 0 1 1 1 1 1
---------------
1 0 0 1 0 1 1 1
---------------
1 0 0 1 0 0 1 1
---------------
1 0 0 1 0 0 0 1
---------------
1 0 0 1 0 0 0 0

9)
1 2 3 4 5 6 7 8 9
-----------------
1 1 1 1 1 1 1 1 1
-----------------
1 0 1 0 1 0 1 0 1
-----------------
1 0 0 1 1 1 1 0 0
-----------------
1 0 0 1 1 1 1 1 0
-----------------
1 0 0 1 0 1 1 1 0
-----------------
1 0 0 1 0 0 1 1 0
-----------------
1 0 0 1 0 0 0 1 0
-----------------
1 0 0 1 0 0 0 0 0
-----------------
1 0 0 1 0 0 0 0 1